216,52.2761102834,17.0748589875,116.863,81.329
217,52.4749890711,21.0352105587,139.906,109.097
301,54.8275044125,18.3264888952,70.807,41.477
302,53.8923974275,20.6699376101,187.049,157.671
304,53.7040065397,16.1295858837,238.935,204.757
306,52.0972721591,21.0315344558,141.653,110.082
307,51.2272164404,16.0424509143,203.857,162.618
308,50.8298468368,19.5772755842,303.612,265.842
309,50.6029230221,23.5837751485,318.016,287.670
310,49.6286224998,20.9469729988,408.373,370.300
401,49.9960729517,18.8855721079,331.971,290.224
402,49.9468381727,18.3139659381,243.211,200.882
403,49.7730823566,18.6817854926,427.395,384.963
404,49.5219406483,18.857981242,677.224,634.571
501,49.7507424952,19.7829575669,907.653,866.545
502,49.3609504446,19.9539522207,1053.225,1011.357
503,49.8733052028,19.3271021868,387.728,346.142
504,49.7060847238,19.2264527915,465.340,423.361
603,49.5640202533,20.5173728253,451.109,411.707
604,49.4023595664,20.9659704232,683.407,644.121
701,49.9561704943,21.063176595,378.262,341.140
702,49.8681000864,21.3602411345,350.634,314.118
703,49.8780948082,21.8647597387,480.941,445.494
705,49.5553769765,21.9859856484,493.933,457.871
802,49.7141146101,22.3262796587,499.014,464.269
803,49.705137751,22.814296159,316.828,283.365
804,49.4333163278,22.530976958,541.347,506.030
805,49.2536692829,22.0969963728,622.737,585.113
1001,50.881824397,14.8567978052,337.540,294.677
1101,50.9423053071,15.2827901704,545.985,503.220
1102,50.7364698812,15.7401100569,1645.51,1601.822
1201,50.9312346299,16.5139749243,248.376,206.677
1202,50.8010941547,16.0348273543,474.980,431.973
1203,50.6880646007,16.6596016423,333.202,290.641
1204,50.6403477712,16.9716783277,295.320,253.283
1205,50.3945191747,16.5935742829,443.122,399.887
1206,50.1752350107,16.6791639022,501.205,457.492
1301,50.9189915898,17.0112330982,189.914,148.808
1302,50.8628916859,17.3091774429,197.340,156.865
1304,50.6524648357,17.5119638783,258.866,218.251
1305,50.6947426317,17.9377276959,217.991,177.715
1306,50.4409065391,17.1597018536,244.767,202.703
1307,50.4042992217,17.6122657611,295.631,254.172
1309,49.9965685567,17.9329867344,355.994,313.238
1401,50.8697018984,18.3719997131,274.735,235.174
1402,50.7571380816,18.6391636632,282.505,242.696
1403,50.4828372575,18.4652286359,319.336,278.374
1404,50.4624331817,18.1895887429,357.048,316.000
1405,50.3993073075,18.9228260271,397.432,356.570
1406,50.2771613938,18.5139164752,293.319,251.926
1407,50.1918301023,18.1452562116,298.572,256.734
1501,50.8387357085,19.9714403679,308.324,271.135
1502,50.5979439677,19.9363627125,361.473,323.222
1503,50.2001986436,19.7700311179,553.000,512.775
1504,50.868745409,19.1071334675,284.397,245.928
1505,50.6297098579,19.6132466678,399.957,361.204
1506,50.5491109506,19.158929337,381.074,341.081
1507,50.4399427564,19.7193831239,484.864,445.439
1508,50.362165899,19.3405454892,409.646,369.283
1509,50.1004737496,19.4022444796,436.327,395.419
1601,50.8408482301,20.8869421077,345.130,308.658
1602,50.5978461521,20.3558370037,320.904,283.507
1603,50.4613934303,20.8103992496,368.506,331.553
1604,50.4239565499,20.408276882,377.865,340.060
1606,50.1481785701,20.4888904864,318.957,280.757
1607,50.0126301945,20.0662975278,273.833,234.214
1701,50.9332364611,21.9691252505,282.106,248.051
1702,50.9053246299,21.5533381473,265.227,230.338
1703,50.6712930748,21.3168422283,364.202,328.317
1704,50.6722122715,21.8643804168,178.277,143.523
1705,50.4940175965,21.2764449393,239.727,203.675
1706,50.2523570586,21.7918919487,270.147,234.819
1707,50.1968200559,21.0195592785,249.374,212.534
1708,50.132892167,21.332336411,282.097,245.878
1709,50.0390792841,21.7204581422,342.990,307.439
1801,50.913789526,22.9978723216,326.459,295.192
1802,50.7846439705,22.2485937961,275.527,241.521
1803,50.7861898986,22.6569486615,369.006,335.843
1804,50.4070358153,22.3544816371,264.133,229.876
1805,50.3681427602,22.879120252,267.414,234.338
1806,50.1525589546,22.5698202897,210.304,176.393
1808,50.0141600306,22.1234593958,428.651,393.754
1901,50.881841595,23.4824212872,336.662,306.654
1902,50.7430011361,23.8623390049,235.014,205.302
1903,50.6740474585,23.1220126888,319.379,287.716
1904,50.4278433628,23.8258905474,239.577,209.322
1905,50.3511933979,23.4071045032,361.551,330.235
2001,51.93151671,14.7241646606,87.753,47.699
2002,51.630574261,14.852224309,180.228,139.347
2101,51.9210868394,15.2032584016,133.744,93.943
2102,51.7234739147,15.1871580414,183.879,143.422
2103,51.7406123048,15.8937926681,107.558,67.659
2104,51.5948109892,15.4538222751,174.766,133.986
2105,51.561686871,15.9343030557,176.138,135.744
2106,51.4864843827,15.1304150621,182.262,141.224
2107,51.3066151157,15.5942848555,228.988,187.708
2108,51.1884943057,15.0334535555,257.740,215.773
2109,51.1089219114,15.3458025331,324.733,282.677
2110,51.0025881926,15.6240032842,523.835,481.507
2201,51.8181115291,16.2531328307,142.214,103.004
2202,51.8263985258,16.6997851276,147.233,108.810
2203,51.6176343387,16.4154097811,122.817,83.228
2204,51.3827800391,16.8555869283,149.058,109.231
2205,51.2984902883,16.4606415076,188.818,148.158
2206,51.0924042698,16.6383357306,210.821,169.711
2207,51.0533295808,16.3101613466,246.869,205.297
2301,51.9024307025,17.0432096795,158.264,120.881
2302,51.8783698851,17.7495751845,185.554,149.379
2303,51.7603615496,17.4883705089,195.194,157.873
2304,51.628221771,17.0999489442,147.447,108.851
2305,51.5891567141,17.544985433,168.244,130.215
2306,51.6291268873,17.8670961209,222.565,185.321
2307,51.3517431317,17.4280946305,256.135,217.000
2308,51.2682447938,17.9102575832,222.914,184.193
2309,51.2002485024,17.1082287974,178.394,138.426
2310,51.1534907455,17.4844187812,202.863,163.317
2311,51.0864053614,17.7678310967,216.821,177.492
2401,51.794106481,18.6294309119,178.039,143.475
2402,51.7018085813,18.3601858687,180.550,144.889
2403,51.4658538803,18.0621760159,194.543,156.888
2404,51.4956295474,18.5256179489,226.670,190.169
2405,51.3053968088,18.2176654081,216.844,178.752
2406,51.2753991502,18.7329833798,220.408,183.193
2407,51.0925338317,18.4769978352,240.625,202.079
2408,51.0091251402,18.182579727,225.767,186.582
2409,51.0313156108,18.8467242349,247.388,209.234
2501,51.8683861434,19.0333845527,173.266,139.719
2502,51.7759805667,19.6099648635,267.805,234.238
2503,51.6020977308,19.0272576489,208.112,173.314
2504,51.5297157775,19.8966152742,218.559,184.221
2505,51.3788056364,19.5176041826,261.690,226.456
2506,51.1756307667,19.1586694825,284.578,247.762
2507,51.152001751,19.7036413256,272.580,236.440
2601,52.0080630126,20.0104577907,141.860,109.400
2602,51.9160275399,20.4997560682,241.609,209.044
2603,51.804966376,20.9277415288,170.348,137.454
2604,51.769988653,20.2067320318,211.725,178.503
2605,51.5151739596,20.9153475967,196.619,162.576
2606,51.4311698828,20.4966464863,217.978,183.206
2607,51.254113744,20.0842508466,238.470,202.831
2608,51.2115622618,20.8763717459,301.159,265.743
2609,51.0389762138,20.3692108461,359.496,322.996
2701,51.9646934679,21.5745085285,181.661,150.339
2702,51.9084875724,21.1250834631,171.377,139.050
2703,51.6550332097,21.5729171031,142.304,109.540
2704,51.6600987203,21.984709978,218.786,187.004
2705,51.6218300515,21.2090619832,189.206,155.757
2706,51.3608862613,21.7502721386,206.912,173.693
2707,51.1642756507,21.1932732555,277.167,242.237
2801,51.9221259562,22.4545313969,192.188,162.495
2802,51.8779311284,22.8121062648,180.737,151.519
2803,51.6982376807,22.484864521,190.622,160.426
2804,51.5543326664,22.8286117618,192.218,162.488
2805,51.3992967545,22.1066024667,208.264,175.782
2806,51.303629077,22.5468802526,257.235,225.483
2807,51.2512244715,21.9883929393,249.576,216.425
2808,51.0596959739,22.5548015371,258.300,225.690
2901,51.7909048708,23.5165676441,188.008,159.579
2902,51.755662642,23.1604144915,190.169,161.263
2903,51.5860101135,23.242883683,202.734,173.848
2904,51.3160664641,23.5264335592,266.483,237.695
2905,51.2745443861,23.1288077354,224.520,195.019
2906,51.0377241169,23.8365623393,216.187,186.910
3001,52.9618620955,14.9640815991,102.176,66.153
3002,52.7974001855,14.5465874602,105.246,68.136
3003,52.3902515485,14.8048578717,137.615,99.239
3004,52.1452771357,14.7097939105,67.832,28.462
3101,52.8325224521,15.8529942277,66.487,31.589
3102,52.7620981148,15.3536322204,126.840,90.770
3103,52.5755363993,15.0129803036,75.154,37.824
3104,52.5437804366,15.632542436,111.912,75.348
3105,52.3558414673,15.2673018038,201.821,163.751
3106,52.2261613403,15.8677342403,124.532,86.806
3107,52.0707790888,15.9639909708,94.283,55.837
3108,52.0173178936,15.6102340861,90.998,51.804
3201,52.8743703445,16.4105756391,97.668,63.497
3202,52.7371146635,16.9755315467,105.150,71.342
3203,52.6528824834,16.1458121887,100.620,65.415
3204,52.425934704,16.1918772843,173.907,137.691
3205,52.2133154589,16.4704983778,112.795,76.030
3206,52.1194364937,16.8724677647,117.623,81.040
3207,52.0521485382,16.4518657722,103.147,65.476
3301,52.9628879856,17.1553365227,132.767,99.622
3302,52.8834484831,17.5929169774,165.253,132.915
3303,52.6664197947,17.4196525988,159.772,126.584
3304,52.6225787407,17.8665263239,198.987,166.695
3305,52.5298654746,17.0005526915,135.353,100.869
3306,52.3889603331,17.5635064399,147.495,113.489
3307,52.2122667271,17.6273479043,130.133,95.370
3308,52.2177190749,17.9687222095,129.249,95.393
3309,52.012304868,17.379956061,142.563,106.342
3401,52.9235520494,18.9515915438,123.740,93.609
3402,52.9601921203,18.0408936375,103.893,72.694
3403,52.7627506387,18.2537755688,123.369,92.128
3404,52.5875456839,18.7657692122,128.965,97.571
3405,52.488779611,18.2229493854,144.306,112.238
3407,52.2185186933,18.3295910861,116.213,83.189
3408,52.0754211824,18.6274922971,135.001,101.823
3501,52.337203908,19.2050637743,155.042,122.949
3502,52.3164501062,19.8601342494,140.885,109.094
3503,52.0840923965,19.4770244402,136.030,103.366
3504,52.8067066566,19.741515665,147.213,116.307
3505,52.5957937242,19.750091662,152.635,121.355
3506,52.6638918634,19.186149451,131.773,100.770
3601,52.231403492,20.6041764864,121.025,89.244
3602,52.7683216059,20.8277033075,142.578,111.685
3603,52.5403228052,20.2764371611,155.943,124.338
3604,52.8738315399,20.1593527637,155.516,124.471
3701,52.4856485569,21.9777313886,165.782,136.489
3702,52.4403940727,21.4750964933,134.228,104.061
3703,52.2882003932,21.831946533,206.032,176.243
3704,52.201590507,21.462658338,164.967,134.388
3705,52.0324986008,21.9331585536,189.273,159.113
3706,52.9818754533,21.2122266689,141.374,111.160
3707,52.9820195378,21.5248487445,134.332,104.659
3708,52.7867172223,21.9666630172,170.698,141.560
3709,52.7217922495,21.3590684056,139.812,109.772
3801,52.4340780513,22.6930578647,208.501,179.748
3802,52.3870072166,22.2776585653,216.084,187.098
3803,52.2506934719,22.6792753995,203.299,174.260
3804,52.1935851782,22.1253381027,203.778,174.357
3805,52.6900832745,22.891880347,175.853,147.572
3806,52.9955718364,22.3264169263,169.132,140.371
3808,52.6092285486,22.1565112988,157.796,128.864
3901,52.5579480271,23.1188978725,205.929,177.412
3902,52.2640324048,23.1366518777,182.474,153.804
3903,52.0398687228,23.02243998,188.606,159.719
3904,52.0438543078,23.5537758732,175.958,147.796
3905,52.7282324781,23.5550605847,196.628,168.316
3906,52.9296180948,23.2810336616,182.704,154.570
4001,53.932412494,14.8174557147,49.174,13.888
4002,53.845828025,14.3419171508,37.011,1.343
4003,53.7319615831,14.6542563587,41.524,6.099
4004,53.5046006045,14.6041181685,123.642,87.838
4005,53.1888387459,14.9939775937,86.486,50.976
4006,53.0491649635,14.6865842723,151.594,115.294
4007,53.0170863741,14.3055537988,115.205,78.284
4101,53.8838623163,15.9284987492,143.522,109.353
4102,53.7881773452,15.4164858453,97.676,62.720
4103,53.659639154,15.0670223367,101.371,66.332
4104,53.5515657394,15.5380591814,123.126,88.464
4105,53.5442418231,15.9742541327,169.746,135.250
4106,53.4214765089,15.1348225593,103.212,68.174
4107,53.2664290021,15.759600922,133.579,99.159
4108,53.0357676782,15.3461372579,142.138,106.922
4109,53.03063512,15.8452634356,115.969,81.490
4201,53.8939154122,16.4497434499,169.539,136.430
4202,53.8862158542,16.8812321252,204.059,171.784
4203,53.7104038395,16.5304021513,189.028,155.733
4204,53.6515593238,16.9620051465,201.615,169.215
4205,53.5260634572,16.5483496604,181.791,148.094
4206,53.4408856557,16.9428090133,173.773,140.846
4207,53.3436858339,16.5765036652,139.974,106.180
4208,53.229720562,16.2877787685,177.518,143.384
4210,53.0364898835,16.8017475214,142.708,109.083
4301,53.8324306065,17.7646105725,179.943,149.510
4302,53.7391664905,17.4056249425,194.603,163.372
4304,53.4869746476,17.4509997915,172.559,141.064
4306,53.1794045555,17.38620834,135.281,102.871
4401,53.8564798825,18.186805643,158.635,128.826
4402,53.8757466073,18.5055517569,135.420,105.932
4403,53.8910631765,18.8019634901,83.275,53.980
4405,53.5413937241,18.8728711258,128.948,99.906
4406,53.4595525342,18.3647722549,119.583,90.150
4407,53.4265565243,18.1206242227,140.477,110.572
4408,53.3444774261,18.7500977276,135.213,106.048
4409,53.2518476891,18.2542367157,125.649,95.778
4410,53.0530965954,18.5779426371,101.429,71.500
4501,53.8423408948,19.7663336872,165.448,135.834
4502,53.7812265591,19.2364789035,129.621,100.220
4503,53.5388332196,19.3305172381,132.803,103.369
4504,53.290238454,19.7554189194,195.518,165.450
4505,53.2563635173,19.2064591594,149.169,119.766
4506,53.0163708134,19.6005447172,155.982,125.729
4507,53.1191392042,19.0313335826,137.317,107.753
4601,53.6240642196,20.568291465,198.322,168.196
4602,53.6131852761,20.0344650555,181.481,151.350
4603,53.3571775215,20.3533578827,246.274,215.686
4604,53.2092802998,20.8288199726,174.918,144.317
4605,53.1330925836,20.0895404395,208.404,177.735
4606,53.0272989478,20.5683906566,169.077,138.314
4701,53.863370369,21.4095066965,241.149,212.066
4702,53.8226136632,21.9337394042,164.641,135.864
4703,53.7186131855,21.0889794295,220.545,190.903
4704,53.6311212373,21.9430683122,190.492,161.399
4705,53.5654413113,21.2835306633,182.224,152.423
4706,53.3275982389,21.1473269708,149.354,119.165
4707,53.4276176634,21.8848410982,153.825,124.545
4708,53.2162537004,21.6280552052,132.648,103.117
4803,53.6199715036,22.4507195863,180.171,151.610
4804,53.520782276,22.8458298023,154.413,126.165
4806,53.2595058976,22.9032507424,147.604,119.334
4807,53.1839762546,22.1405209481,185.835,156.770
4808,53.0870523032,22.7134640609,172.107,143.741
4901,53.7025586773,23.3671046063,174.113,146.352
4902,53.4802186605,23.4120666665,228.460,200.540
4903,53.2932293513,23.6798041264,219.462,191.514
4904,53.0051876926,23.6226332778,202.383,174.169
5101,54.1601990653,15.6509508847,78.714,44.424
5102,54.0229397633,15.3145898461,58.458,23.668
5201,54.5617923701,16.9246163421,59.451,27.151
5202,54.4739175777,16.5230684737,105.032,72.131
5203,54.3063965431,16.5856866804,89.030,56.386
5205,54.0648956236,16.2786362709,105.643,72.353
5206,54.0458279701,16.7627124172,240.185,207.802
5301,54.7061879361,17.7292002093,151.665,120.964
5302,54.5346362282,17.4237510029,126.267,94.961
5303,54.4815775952,17.7237117485,190.421,159.572
5304,54.3433725592,17.1873296411,129.046,97.445
5305,54.3074253146,17.9029610062,281.773,250.964
5306,54.070431101,17.1859806456,216.314,184.694
5401,54.0497783182,18.7347522855,86.741,57.254
5402,54.6375799916,18.2428823643,130.503,100.770
5403,54.4607089078,18.4322138126,201.653,171.979
5404,54.3920675859,18.2044799227,262.753,232.495
5405,54.268312661,18.7074196814,29.856,0.426
5406,54.2184817526,18.3972821324,295.142,265.073
5407,54.1196691945,18.0285863964,235.542,205.040
5408,54.0096180636,18.350612286,163.640,133.761
5501,54.2876900833,19.0878853059,30.266,1.216
5502,54.2228816826,19.7530720579,79.907,50.928
5503,54.0649612786,19.3603103962,28.878,-0.372
5602,54.2919538524,20.414023571,196.112,167.724
5603,54.2907203088,20.9120194315,94.166,66.369
5604,54.1123937242,20.4497241458,133.956,105.098
5605,54.0164097594,20.0047216218,177.052,147.738
5701,54.2197004844,21.5439712251,184.597,156.822
5702,54.1102470363,21.1382562805,193.414,165.132
5801,54.3624464498,22.8137160131,285.071,257.993
5802,54.2772730281,22.2705872156,228.261,200.769
5803,54.0791583605,22.6022249185,231.030,203.170
5901,54.2553730568,23.082686645,268.788,241.651
5902,54.0847348179,23.0693893199,200.424,172.831
5903,54.0699298669,23.3922034005,188.176,160.875